{
 "cells": [
  {
   "cell_type": "code",
   "execution_count": 26,
   "metadata": {},
   "outputs": [],
   "source": [
    "import pandas as pd\n",
    "\n",
    "import plotly.express as px"
   ]
  },
  {
   "cell_type": "code",
   "execution_count": 27,
   "metadata": {},
   "outputs": [],
   "source": [
    "#kinship = pd.read_csv(\"distance_mat.txt\", sep=\"\\t\", header=None, index_col=0)\n",
    "kinship = pd.read_csv(\"founders_relatedness_noRH_ldfiltered.txt\", sep=\"\\t\", header=None, index_col=0, skiprows=3)\n",
    "#kinship = 1 - kinship"
   ]
  },
  {
   "cell_type": "code",
   "execution_count": 28,
   "metadata": {},
   "outputs": [
    {
     "data": {
      "application/vnd.plotly.v1+json": {
       "config": {
        "plotlyServerURL": "https://plot.ly"
       },
       "data": [
        {
         "coloraxis": "coloraxis",
         "hovertemplate": "x: %{x}<br>y: %{y}<br>color: %{z}<extra></extra>",
         "name": "0",
         "type": "heatmap",
         "x": [
          1,
          2,
          3,
          4,
          5,
          6,
          7,
          8,
          9,
          10,
          11,
          12,
          13,
          14,
          15,
          16,
          17,
          18,
          19,
          20,
          21,
          22,
          23,
          24,
          25,
          26,
          27,
          28,
          29,
          30,
          31,
          32,
          33,
          34,
          35,
          36,
          37,
          38,
          39,
          40,
          41,
          42
         ],
         "xaxis": "x",
         "y": [
          "Alice",
          "Arab",
          "Barnard",
          "Basil",
          "Bella",
          "Ben",
          "Bill",
          "Blades",
          "Bonus",
          "Boss",
          "Cyndy",
          "Felix",
          "Flossie",
          "Fuchsia",
          "Gumboots",
          "Gunner",
          "Heather",
          "Jean",
          "Jimmy",
          "Joe",
          "Lee",
          "Lisa",
          "Luke",
          "Maggie",
          "Margaret-Maree",
          "Merv",
          "Nog",
          "Nora",
          "Ox",
          "Piripi",
          "Ralph",
          "Rangi",
          "Ruth",
          "Sandra",
          "Sass",
          "Smoko",
          "Solstice",
          "Stumpy",
          "Sue",
          "Suzanne",
          "Waynebo",
          "Whiskas"
         ],
         "yaxis": "y",
         "z": [
          [
           0.8761474,
           0.19411774,
           -0.14164966,
           0.12229311,
           -0.0779411,
           0.059118107,
           -0.012970558,
           -0.09117816,
           0.1228542,
           -0.04903545,
           -0.07436274,
           -0.05728618,
           -0.12092991,
           -0.01184155,
           0.11068712,
           0.044623375,
           0.01921712,
           -0.15056229,
           0.07426936,
           0.043423727,
           -0.06606916,
           0.09668336,
           -0.066047035,
           -0.008802267,
           -0.15275517,
           -0.041125793,
           0.0012321089,
           0.1892074,
           -0.14142223,
           -0.031165095,
           0.03911695,
           -0.07379923,
           -0.10953213,
           -0.13022149,
           0.11082169,
           -0.09990924,
           -0.010467863,
           -0.004530534,
           0.047274474,
           -0.122312516,
           -0.17144792,
           -0.13372192
          ],
          [
           0.19411774,
           0.8602556,
           -0.19396995,
           0.087021,
           -0.12765388,
           0.05016697,
           -0.12979372,
           -0.12949796,
           -0.051862486,
           -0.0460414,
           0.013000505,
           -0.013290268,
           -0.06709727,
           0.022312082,
           0.05577983,
           -0.10770936,
           0.026011074,
           -0.056623816,
           -0.07961179,
           -0.011509086,
           -0.18846865,
           -0.07603943,
           0.17006364,
           0.13178843,
           -0.19280864,
           -0.021382071,
           -0.04935656,
           0.21259752,
           -0.07237343,
           -0.0688891,
           -0.12709524,
           -0.060768377,
           0.05577633,
           -0.10629447,
           0.2835717,
           -0.07613149,
           0.0041589197,
           0.026144726,
           -0.07952691,
           -0.096219495,
           0.0139225535,
           0.023326298
          ],
          [
           -0.14164966,
           -0.19396995,
           1.2773238,
           -0.057632647,
           0.050250944,
           -0.0673332,
           0.027261669,
           0.22455068,
           0.09537113,
           -0.06550864,
           0.06897792,
           -0.0877575,
           -0.09652006,
           0.026472935,
           -0.116613135,
           -0.11704693,
           -0.047154196,
           0.5066725,
           -0.11443111,
           -0.13766573,
           -0.057399686,
           -0.17678376,
           -0.11918077,
           -0.13347897,
           0.05161202,
           -0.062303994,
           -0.13760383,
           -0.030970866,
           -0.061605413,
           -0.1511851,
           -0.16474141,
           -0.15148386,
           0.031145819,
           0.10803957,
           -0.024341851,
           0.010138144,
           0.1775136,
           -0.16482544,
           -0.085609406,
           0.1348636,
           -0.03708129,
           0.011683599
          ],
          [
           0.12229311,
           0.087021,
           -0.057632647,
           0.87914425,
           -0.1423698,
           0.07207306,
           -0.016382992,
           -0.11345816,
           -0.124527104,
           -0.14229818,
           -0.08210653,
           0.035021495,
           -0.08817234,
           0.0389074,
           0.17964831,
           0.16346343,
           0.06774186,
           -0.072311394,
           0.018602403,
           0.008420492,
           -0.10306375,
           0.053244237,
           -0.09443545,
           -0.004617639,
           -0.17153296,
           -0.08640954,
           -0.047333136,
           0.2026714,
           -0.08631273,
           -0.07773016,
           -0.026211895,
           -0.12826489,
           -0.029528188,
           0.066455856,
           0.14952585,
           -0.09976323,
           -0.06253184,
           -0.023816718,
           -0.16145359,
           -0.069076,
           -0.1254931,
           0.09259967
          ],
          [
           -0.0779411,
           -0.12765388,
           0.050250944,
           -0.1423698,
           0.7681872,
           -0.10015272,
           -0.042136975,
           0.003306983,
           -0.007259917,
           0.00889966,
           0.062380876,
           0.051400892,
           0.051078964,
           -0.07296715,
           -0.08113801,
           -0.13010548,
           -0.07935001,
           0.013007862,
           0.038162727,
           -0.08600166,
           0.14413913,
           -0.0025497326,
           -0.0048787356,
           -0.15651913,
           0.0685391,
           0.0051131784,
           -0.048740346,
           -0.1731353,
           0.011763605,
           0.11696384,
           0.13923553,
           0.27243596,
           -0.027257547,
           0.01062395,
           -0.21262452,
           -0.057817932,
           -0.10248574,
           0.011217795,
           0.0566559,
           0.046024997,
           -0.020359846,
           -0.17594413
          ],
          [
           0.059118107,
           0.05016697,
           -0.0673332,
           0.07207306,
           -0.10015272,
           1.0657672,
           -0.066715054,
           -0.1543991,
           0.019307092,
           -0.15866965,
           0.24119827,
           -0.040256456,
           -0.08926966,
           0.09393059,
           0.3353023,
           -0.19565144,
           0.5152963,
           -0.08525432,
           -0.07711668,
           0.0023044783,
           -0.39913356,
           0.00020291729,
           0.04013102,
           0.28206745,
           -0.05075173,
           -0.1272361,
           -0.19128965,
           0.05860107,
           -0.079396665,
           -0.2297275,
           -0.25550097,
           -0.25427923,
           -0.11267609,
           0.23929338,
           -0.049576968,
           -0.0072231013,
           -0.079567246,
           -0.1976331,
           -0.17617044,
           0.08087863,
           -0.14814171,
           0.23748338
          ],
          [
           -0.012970558,
           -0.12979372,
           0.027261669,
           -0.016382992,
           -0.042136975,
           -0.066715054,
           0.94617116,
           -0.073611066,
           0.08191915,
           -0.07631248,
           -0.06331589,
           0.01772753,
           -0.027885336,
           0.020183146,
           0.14627573,
           0.19488817,
           -0.026442619,
           -0.03495032,
           0.044699546,
           0.1696076,
           0.054981254,
           -0.022933973,
           -0.15895876,
           -0.04751325,
           -0.009411548,
           -0.073190056,
           0.032665886,
           -0.0668878,
           0.017543273,
           -0.10435918,
           -0.08439578,
           -0.19630551,
           0.005070783,
           0.02063425,
           0.07206631,
           0.005037121,
           -0.084011205,
           -0.13349764,
           -0.07315563,
           -0.0840678,
           -0.11670302,
           -0.03082461
          ],
          [
           -0.09117816,
           -0.12949796,
           0.22455068,
           -0.11345816,
           0.003306983,
           -0.1543991,
           -0.073611066,
           0.9704371,
           0.19537629,
           0.10702691,
           -0.08588104,
           -0.07515706,
           -0.07643293,
           0.024396595,
           -0.220667,
           -0.0852021,
           -0.06614561,
           0.33550426,
           -0.11927317,
           -0.07651466,
           -0.09401747,
           -0.05490384,
           -0.09260906,
           -0.05809876,
           0.13952526,
           -0.017537095,
           0.12302641,
           -0.09806974,
           -0.13069777,
           -0.072841585,
           -0.043686014,
           -0.03880905,
           -0.032964315,
           -0.13548014,
           0.035044663,
           0.019700624,
           0.12206679,
           -0.047986995,
           0.016121488,
           0.11223043,
           -0.16101211,
           0.01781719
          ],
          [
           0.1228542,
           -0.051862486,
           0.09537113,
           -0.124527104,
           -0.007259917,
           0.019307092,
           0.08191915,
           0.19537629,
           1.0541426,
           0.059931897,
           0.027840111,
           -0.14563976,
           -0.174289,
           -0.036746215,
           -0.156082,
           -0.046273425,
           0.03107507,
           0.15278165,
           -0.10360133,
           -0.13540198,
           -0.07714989,
           -0.06419315,
           -0.096419774,
           -0.10653775,
           0.07617156,
           0.019188572,
           0.023151731,
           -0.12026591,
           -0.17435071,
           -0.0427528,
           0.027711246,
           -0.029967543,
           -0.07085654,
           -0.062960595,
           -0.0104019875,
           -0.10816535,
           0.3209559,
           -0.18390533,
           0.069844246,
           0.10746165,
           -0.22503965,
           -0.13043393
          ],
          [
           -0.04903545,
           -0.0460414,
           -0.06550864,
           -0.14229818,
           0.00889966,
           -0.15866965,
           -0.07631248,
           0.10702691,
           0.059931897,
           0.7920786,
           -0.08812346,
           -0.05028597,
           -0.051001184,
           -0.14668874,
           -0.31031302,
           -0.050474815,
           -0.07759936,
           -0.13839465,
           0.018788705,
           -0.045619387,
           0.12947819,
           -0.04248889,
           0.13016994,
           -0.12531011,
           0.09931445,
           0.16789836,
           0.09337617,
           -0.11803332,
           0.0012001656,
           0.10246888,
           0.12833911,
           0.13409214,
           0.022928765,
           -0.1761034,
           0.014398119,
           -0.046758708,
           0.08358565,
           -0.0016155291,
           0.26338804,
           -0.07379687,
           -0.011265931,
           -0.26562473
          ],
          [
           -0.07436274,
           0.013000505,
           0.06897792,
           -0.08210653,
           0.062380876,
           0.24119827,
           -0.06331589,
           -0.08588104,
           0.027840111,
           -0.08812346,
           0.8899239,
           0.1198864,
           -0.09456305,
           0.013511991,
           0.114302166,
           -0.16705061,
           0.020152735,
           0.11414002,
           -0.16045238,
           -0.12149633,
           -0.14949562,
           -0.15844208,
           0.015230518,
           -0.081132375,
           0.051422227,
           -0.1013762,
           -0.115065776,
           -0.060966957,
           -0.024876798,
           -0.16715798,
           -0.18194197,
           -0.12623127,
           -0.019306928,
           0.16821262,
           -0.05072851,
           -0.046945315,
           0.116957985,
           -0.093726866,
           -0.064187795,
           0.054774724,
           0.049535498,
           0.23748592
          ],
          [
           -0.05728618,
           -0.013290268,
           -0.0877575,
           0.035021495,
           0.051400892,
           -0.040256456,
           0.01772753,
           -0.07515706,
           -0.14563976,
           -0.05028597,
           0.1198864,
           0.88647187,
           0.077672854,
           -0.022277618,
           -0.000949941,
           0.04301096,
           -0.11773201,
           -0.14476514,
           0.04682908,
           0.0064410516,
           0.083167925,
           -0.066734955,
           -0.060688596,
           -0.08250762,
           -0.112063535,
           -0.094906114,
           -0.0027461525,
           -0.045970324,
           0.063170835,
           -0.017234294,
           -0.013130629,
           0.008332473,
           -0.1266185,
           0.04701859,
           -0.03933845,
           -0.0009598115,
           -0.042435724,
           -0.061635952,
           0.024416033,
           -0.102437675,
           0.07982402,
           0.034414038
          ],
          [
           -0.12092991,
           -0.06709727,
           -0.09652006,
           -0.08817234,
           0.051078964,
           -0.08926966,
           -0.027885336,
           -0.07643293,
           -0.174289,
           -0.051001184,
           -0.09456305,
           0.077672854,
           0.88035536,
           -0.06601017,
           -0.05899216,
           -0.0031291638,
           0.077367425,
           -0.199127,
           0.05834429,
           0.068178594,
           0.123397894,
           0.12431982,
           0.0016194509,
           0.121956326,
           -0.04051432,
           0.18975449,
           0.029515909,
           -0.16801184,
           0.29093134,
           -0.010048995,
           0.004379464,
           -0.0062883096,
           -0.0065399245,
           -0.10532354,
           -0.17309308,
           -0.10815624,
           -0.23853281,
           0.053365838,
           0.018135581,
           -0.08282599,
           0.10156018,
           -0.11918001
          ],
          [
           -0.01184155,
           0.022312082,
           0.026472935,
           0.0389074,
           -0.07296715,
           0.09393059,
           0.020183146,
           0.024396595,
           -0.036746215,
           -0.14668874,
           0.013511991,
           -0.022277618,
           -0.06601017,
           0.9320553,
           0.055904318,
           0.03355608,
           0.049826413,
           0.29583275,
           -0.09295347,
           -0.059947632,
           -0.19133498,
           -0.03209154,
           -0.03441059,
           0.005521377,
           -0.009893567,
           -0.16301993,
           -0.027722897,
           -0.0024422875,
           -0.12786455,
           -0.22771212,
           -0.09504497,
           -0.19921444,
           -0.005716823,
           -0.0026265066,
           0.24869433,
           0.029359987,
           -0.05626878,
           -0.07572938,
           -0.14097326,
           0.024008846,
           -0.10649621,
           0.09352098
          ],
          [
           0.11068712,
           0.05577983,
           -0.116613135,
           0.17964831,
           -0.08113801,
           0.3353023,
           0.14627573,
           -0.220667,
           -0.156082,
           -0.31031302,
           0.114302166,
           -0.000949941,
           -0.05899216,
           0.055904318,
           1.2252244,
           0.04915469,
           0.025435392,
           -0.007603653,
           0.057220593,
           0.2047161,
           -0.27268758,
           0.10605518,
           -0.19671994,
           0.23197226,
           -0.12699284,
           -0.20675202,
           -0.13864394,
           0.057423085,
           -0.24265617,
           -0.22073397,
           -0.19727583,
           -0.215509,
           -0.09009076,
           0.16712923,
           0.076508224,
           0.024459118,
           -0.1900579,
           -0.09665623,
           -0.2704777,
           -0.014428553,
           -0.1744448,
           0.38328803
          ],
          [
           0.044623375,
           -0.10770936,
           -0.11704693,
           0.16346343,
           -0.13010548,
           -0.19565144,
           0.19488817,
           -0.0852021,
           -0.046273425,
           -0.050474815,
           -0.16705061,
           0.04301096,
           -0.0031291638,
           0.03355608,
           0.04915469,
           0.9520526,
           -0.10468175,
           -0.16163507,
           0.1466511,
           0.22407278,
           0.07945367,
           0.083106376,
           -0.10025244,
           0.012509435,
           -0.070213035,
           -0.015872179,
           0.09551356,
           -0.03760882,
           0.027005926,
           0.058109634,
           0.05277398,
           -0.07674766,
           -0.2166419,
           -0.08597268,
           -0.14043881,
           -0.028846115,
           -0.087861836,
           -0.016767126,
           -0.057979394,
           -0.13282618,
           -0.008019619,
           -0.014938092
          ],
          [
           0.01921712,
           0.026011074,
           -0.047154196,
           0.06774186,
           -0.07935001,
           0.5152963,
           -0.026442619,
           -0.06614561,
           0.03107507,
           -0.07759936,
           0.020152735,
           -0.11773201,
           0.077367425,
           0.049826413,
           0.025435392,
           -0.10468175,
           1.0266935,
           -0.14041792,
           -0.039752856,
           -0.055849936,
           -0.28258815,
           -0.08203204,
           0.03239235,
           0.124804154,
           -0.06395297,
           0.07492199,
           -0.17372675,
           0.03855754,
           -0.037230898,
           -0.09157754,
           -0.1873298,
           -0.08170934,
           0.15594092,
           -0.038149923,
           0.120549485,
           -0.103668794,
           -0.09680215,
           -0.18740633,
           -0.14161322,
           -0.06427408,
           -0.049170345,
           0.030375324
          ],
          [
           -0.15056229,
           -0.056623816,
           0.5066725,
           -0.072311394,
           0.013007862,
           -0.08525432,
           -0.03495032,
           0.33550426,
           0.15278165,
           -0.13839465,
           0.11414002,
           -0.14476514,
           -0.199127,
           0.29583275,
           -0.007603653,
           -0.16163507,
           -0.14041792,
           1.3873467,
           -0.26183903,
           -0.17333083,
           -0.24614215,
           -0.19722287,
           -0.12505622,
           -0.075468324,
           0.048091624,
           -0.16670202,
           -0.12569484,
           -0.0014212244,
           -0.20573036,
           -0.24404672,
           -0.1803864,
           -0.17447223,
           0.08857935,
           0.096031,
           0.13064724,
           0.03704196,
           0.19580965,
           -0.12928008,
           -0.21220972,
           0.26073897,
           -0.15455717,
           0.20298003
          ],
          [
           0.07426936,
           -0.07961179,
           -0.11443111,
           0.018602403,
           0.038162727,
           -0.07711668,
           0.044699546,
           -0.11927317,
           -0.10360133,
           0.018788705,
           -0.16045238,
           0.04682908,
           0.05834429,
           -0.09295347,
           0.057220593,
           0.1466511,
           -0.039752856,
           -0.26183903,
           0.9044665,
           0.29947093,
           0.008683475,
           0.017399983,
           -0.045962323,
           -0.0024014632,
           -0.06286334,
           -0.10708663,
           0.02651668,
           0.080417834,
           -0.047427453,
           0.14004713,
           0.07653138,
           -0.020831998,
           -0.07563605,
           -0.06656054,
           -0.15927857,
           -0.0627305,
           -0.19606054,
           -0.028898869,
           0.13592228,
           -0.16311195,
           0.038326956,
           -0.14346918
          ],
          [
           0.043423727,
           -0.011509086,
           -0.13766573,
           0.008420492,
           -0.08600166,
           0.0023044783,
           0.1696076,
           -0.07651466,
           -0.13540198,
           -0.045619387,
           -0.12149633,
           0.0064410516,
           0.068178594,
           -0.059947632,
           0.2047161,
           0.22407278,
           -0.055849936,
           -0.17333083,
           0.29947093,
           0.7356919,
           -0.07977655,
           0.12515533,
           -0.105345756,
           0.3799277,
           -0.038269095,
           0.034122452,
           0.11381118,
           0.005347078,
           -0.046671692,
           -0.04609256,
           -0.074777134,
           -0.1449449,
           -0.120613985,
           -0.091329195,
           -0.1493634,
           0.02126271,
           -0.22499542,
           -0.07579443,
           -0.0070087933,
           -0.21173342,
           -0.12311395,
           0.0012130598
          ],
          [
           -0.06606916,
           -0.18846865,
           -0.057399686,
           -0.10306375,
           0.14413913,
           -0.39913356,
           0.054981254,
           -0.09401747,
           -0.07714989,
           0.12947819,
           -0.14949562,
           0.083167925,
           0.123397894,
           -0.19133498,
           -0.27268758,
           0.07945367,
           -0.28258815,
           -0.24614215,
           0.008683475,
           -0.07977655,
           1.0815676,
           0.07512302,
           -0.04846241,
           -0.20374413,
           0.099838376,
           0.13074589,
           0.105221495,
           -0.18788595,
           0.22504476,
           0.26979795,
           0.31638667,
           0.2972238,
           0.06364529,
           -0.24072395,
           -0.18311381,
           -0.03006535,
           -0.120987535,
           0.1553205,
           0.21113314,
           -0.10569934,
           0.02693626,
           -0.35327685
          ],
          [
           0.09668336,
           -0.07603943,
           -0.17678376,
           0.053244237,
           -0.0025497326,
           0.00020291729,
           -0.022933973,
           -0.05490384,
           -0.06419315,
           -0.04248889,
           -0.15844208,
           -0.066734955,
           0.12431982,
           -0.03209154,
           0.10605518,
           0.083106376,
           -0.08203204,
           -0.19722287,
           0.017399983,
           0.12515533,
           0.07512302,
           0.8065159,
           -0.13110799,
           0.111177884,
           -0.087539956,
           0.07683816,
           0.13728043,
           -0.004467127,
           0.05353907,
           -0.066611476,
           0.30608022,
           -0.032219958,
           -0.21258804,
           -0.058400534,
           -0.16405125,
           -0.04130881,
           -0.12481568,
           0.09279773,
           -0.023208834,
           -0.08160914,
           -0.16834888,
           -0.09282573
          ],
          [
           -0.066047035,
           0.17006364,
           -0.11918077,
           -0.09443545,
           -0.0048787356,
           0.04013102,
           -0.15895876,
           -0.09260906,
           -0.096419774,
           0.13016994,
           0.015230518,
           -0.060688596,
           0.0016194509,
           -0.03441059,
           -0.19671994,
           -0.10025244,
           0.03239235,
           -0.12505622,
           -0.045962323,
           -0.105345756,
           -0.04846241,
           -0.13110799,
           0.85347223,
           0.057989504,
           0.04714549,
           0.011870723,
           -0.09287695,
           -0.030139035,
           0.112716064,
           0.041550603,
           -0.07368936,
           0.049046822,
           0.076636955,
           0.07529939,
           0.07355158,
           -0.06338636,
           -0.07078233,
           -0.0008967555,
           -0.08223167,
           0.08063866,
           0.17183842,
           -0.14682528
          ],
          [
           -0.008802267,
           0.13178843,
           -0.13347897,
           -0.004617639,
           -0.15651913,
           0.28206745,
           -0.04751325,
           -0.05809876,
           -0.10653775,
           -0.12531011,
           -0.081132375,
           -0.08250762,
           0.121956326,
           0.005521377,
           0.23197226,
           0.012509435,
           0.124804154,
           -0.075468324,
           -0.0024014632,
           0.3799277,
           -0.20374413,
           0.111177884,
           0.057989504,
           1.0669017,
           -0.033744592,
           -0.012589671,
           0.03739205,
           -0.046263017,
           0.05158344,
           -0.11118849,
           -0.16896015,
           -0.13075249,
           -0.026729941,
           -0.0026824363,
           -0.13952015,
           -0.07282163,
           -0.25752872,
           -0.14040422,
           -0.23589976,
           0.020508,
           -0.2067092,
           0.03582622
          ],
          [
           -0.15275517,
           -0.19280864,
           0.05161202,
           -0.17153296,
           0.0685391,
           -0.05075173,
           -0.009411548,
           0.13952526,
           0.07617156,
           0.09931445,
           0.051422227,
           -0.112063535,
           -0.04051432,
           -0.009893567,
           -0.12699284,
           -0.070213035,
           -0.06395297,
           0.048091624,
           -0.06286334,
           -0.038269095,
           0.099838376,
           -0.087539956,
           0.04714549,
           -0.033744592,
           0.8270281,
           0.020714665,
           -0.044300754,
           -0.1402549,
           0.02196333,
           -0.002522992,
           -0.100425266,
           0.02174396,
           0.05099996,
           -0.08280646,
           -0.09034317,
           0.08059535,
           -0.07411543,
           -0.033935204,
           0.03458237,
           0.048434954,
           0.02847787,
           -0.02418936
          ],
          [
           -0.041125793,
           -0.021382071,
           -0.062303994,
           -0.08640954,
           0.0051131784,
           -0.1272361,
           -0.073190056,
           -0.017537095,
           0.019188572,
           0.16789836,
           -0.1013762,
           -0.094906114,
           0.18975449,
           -0.16301993,
           -0.20675202,
           -0.015872179,
           0.07492199,
           -0.16670202,
           -0.10708663,
           0.034122452,
           0.13074589,
           0.07683816,
           0.011870723,
           -0.012589671,
           0.020714665,
           1.0056053,
           -0.05058566,
           -0.1314927,
           0.121672526,
           0.06309169,
           0.009440223,
           0.082458414,
           -0.047149036,
           -0.19493313,
           -0.13278945,
           -0.018916866,
           -0.12935473,
           0.010863997,
           0.05953334,
           -0.112347305,
           0.13961288,
           -0.10838846
          ],
          [
           0.0012321089,
           -0.04935656,
           -0.13760383,
           -0.047333136,
           -0.048740346,
           -0.19128965,
           0.032665886,
           0.12302641,
           0.023151731,
           0.09337617,
           -0.115065776,
           -0.0027461525,
           0.029515909,
           -0.027722897,
           -0.13864394,
           0.09551356,
           -0.17372675,
           -0.12569484,
           0.02651668,
           0.11381118,
           0.105221495,
           0.13728043,
           -0.09287695,
           0.03739205,
           -0.044300754,
           -0.05058566,
           0.9257356,
           -0.10091123,
           0.0005059465,
           -0.00030261805,
           0.12840734,
           0.036509793,
           -0.10499745,
           -0.22821508,
           -0.044059906,
           -0.011969172,
           0.109976545,
           0.027752828,
           0.123267286,
           -0.0847178,
           -0.20372184,
           -0.14627683
          ],
          [
           0.1892074,
           0.21259752,
           -0.030970866,
           0.2026714,
           -0.1731353,
           0.05860107,
           -0.0668878,
           -0.09806974,
           -0.12026591,
           -0.11803332,
           -0.060966957,
           -0.045970324,
           -0.16801184,
           -0.0024422875,
           0.057423085,
           -0.03760882,
           0.03855754,
           -0.0014212244,
           0.080417834,
           0.005347078,
           -0.18788595,
           -0.004467127,
           -0.030139035,
           -0.046263017,
           -0.1402549,
           -0.1314927,
           -0.10091123,
           0.88635474,
           -0.09933896,
           -0.027613813,
           -0.14969616,
           -0.11924907,
           -0.023196965,
           0.051214736,
           0.21402012,
           -0.02712419,
           0.109708875,
           -0.0052302578,
           -0.100810766,
           -0.095485695,
           0.034490556,
           0.07233234
          ],
          [
           -0.14142223,
           -0.07237343,
           -0.061605413,
           -0.08631273,
           0.011763605,
           -0.079396665,
           0.017543273,
           -0.13069777,
           -0.17435071,
           0.0012001656,
           -0.024876798,
           0.063170835,
           0.29093134,
           -0.12786455,
           -0.24265617,
           0.027005926,
           -0.037230898,
           -0.20573036,
           -0.047427453,
           -0.046671692,
           0.22504476,
           0.05353907,
           0.112716064,
           0.05158344,
           0.02196333,
           0.121672526,
           0.0005059465,
           -0.09933896,
           1.1514027,
           -0.03492317,
           -0.054745153,
           -0.07130212,
           -0.031345736,
           0.034035385,
           -0.20409071,
           -0.12547883,
           -0.12789696,
           0.039102145,
           -0.0631545,
           0.011446036,
           0.19181904,
           -0.13555257
          ],
          [
           -0.031165095,
           -0.0688891,
           -0.1511851,
           -0.07773016,
           0.11696384,
           -0.2297275,
           -0.10435918,
           -0.072841585,
           -0.0427528,
           0.10246888,
           -0.16715798,
           -0.017234294,
           -0.010048995,
           -0.22771212,
           -0.22073397,
           0.058109634,
           -0.09157754,
           -0.24404672,
           0.14004713,
           -0.04609256,
           0.26979795,
           -0.066611476,
           0.041550603,
           -0.11118849,
           -0.002522992,
           0.06309169,
           -0.00030261805,
           -0.027613813,
           -0.03492317,
           0.8528973,
           0.2860202,
           0.52194715,
           0.13475402,
           -0.12555487,
           -0.20027927,
           -0.06517002,
           0.0065380577,
           0.08430859,
           0.09924089,
           -0.13199864,
           0.060128607,
           -0.2684444
          ],
          [
           0.03911695,
           -0.12709524,
           -0.16474141,
           -0.026211895,
           0.13923553,
           -0.25550097,
           -0.08439578,
           -0.043686014,
           0.027711246,
           0.12833911,
           -0.18194197,
           -0.013130629,
           0.004379464,
           -0.09504497,
           -0.19727583,
           0.05277398,
           -0.1873298,
           -0.1803864,
           0.07653138,
           -0.074777134,
           0.31638667,
           0.30608022,
           -0.07368936,
           -0.16896015,
           -0.100425266,
           0.009440223,
           0.12840734,
           -0.14969616,
           -0.054745153,
           0.2860202,
           0.91430944,
           0.395348,
           -0.049283896,
           -0.18466231,
           -0.113243,
           -0.058959387,
           0.012247135,
           0.14593099,
           0.1778772,
           -0.070054896,
           -0.14007795,
           -0.36481956
          ],
          [
           -0.07379923,
           -0.060768377,
           -0.15148386,
           -0.12826489,
           0.27243596,
           -0.25427923,
           -0.19630551,
           -0.03880905,
           -0.029967543,
           0.13409214,
           -0.12623127,
           0.008332473,
           -0.0062883096,
           -0.19921444,
           -0.215509,
           -0.07674766,
           -0.08170934,
           -0.17447223,
           -0.020831998,
           -0.1449449,
           0.2972238,
           -0.032219958,
           0.049046822,
           -0.13075249,
           0.02174396,
           0.082458414,
           0.036509793,
           -0.11924907,
           -0.07130212,
           0.52194715,
           0.395348,
           0.8471105,
           0.1917272,
           -0.14149475,
           -0.10195065,
           -0.032599546,
           -0.0058944826,
           0.043678515,
           0.069153816,
           -0.09451842,
           0.033088174,
           -0.29428887
          ],
          [
           -0.10953213,
           0.05577633,
           0.031145819,
           -0.029528188,
           -0.027257547,
           -0.11267609,
           0.005070783,
           -0.032964315,
           -0.07085654,
           0.022928765,
           -0.019306928,
           -0.1266185,
           -0.0065399245,
           -0.005716823,
           -0.09009076,
           -0.2166419,
           0.15594092,
           0.08857935,
           -0.07563605,
           -0.120613985,
           0.06364529,
           -0.21258804,
           0.076636955,
           -0.026729941,
           0.05099996,
           -0.047149036,
           -0.10499745,
           -0.023196965,
           -0.031345736,
           0.13475402,
           -0.049283896,
           0.1917272,
           1.0561463,
           -0.13497296,
           0.31472844,
           -0.075035766,
           0.07266993,
           -0.16582228,
           -0.016951684,
           -0.13519555,
           -0.038860276,
           -0.21464112
          ],
          [
           -0.13022149,
           -0.10629447,
           0.10803957,
           0.066455856,
           0.01062395,
           0.23929338,
           0.02063425,
           -0.13548014,
           -0.062960595,
           -0.1761034,
           0.16821262,
           0.04701859,
           -0.10532354,
           -0.0026265066,
           0.16712923,
           -0.08597268,
           -0.038149923,
           0.096031,
           -0.06656054,
           -0.091329195,
           -0.24072395,
           -0.058400534,
           0.07529939,
           -0.0026824363,
           -0.08280646,
           -0.19493313,
           -0.22821508,
           0.051214736,
           0.034035385,
           -0.12555487,
           -0.18466231,
           -0.14149475,
           -0.13497296,
           0.9948038,
           -0.118945844,
           0.0025560039,
           0.09809406,
           -0.0729031,
           -0.21235777,
           0.31032795,
           0.07997682,
           0.22992936
          ],
          [
           0.11082169,
           0.2835717,
           -0.024341851,
           0.14952585,
           -0.21262452,
           -0.049576968,
           0.07206631,
           0.035044663,
           -0.0104019875,
           0.014398119,
           -0.05072851,
           -0.03933845,
           -0.17309308,
           0.24869433,
           0.076508224,
           -0.14043881,
           0.120549485,
           0.13064724,
           -0.15927857,
           -0.1493634,
           -0.18311381,
           -0.16405125,
           0.07355158,
           -0.13952015,
           -0.09034317,
           -0.13278945,
           -0.044059906,
           0.21402012,
           -0.20409071,
           -0.20027927,
           -0.113243,
           -0.10195065,
           0.31472844,
           -0.118945844,
           0.9995046,
           0.010737859,
           0.054567743,
           -0.1529999,
           -0.12943952,
           -0.04598599,
           -0.07512611,
           -0.0038134076
          ],
          [
           -0.09990924,
           -0.07613149,
           0.010138144,
           -0.09976323,
           -0.057817932,
           -0.0072231013,
           0.005037121,
           0.019700624,
           -0.10816535,
           -0.046758708,
           -0.046945315,
           -0.0009598115,
           -0.10815624,
           0.029359987,
           0.024459118,
           -0.028846115,
           -0.103668794,
           0.03704196,
           -0.0627305,
           0.02126271,
           -0.03006535,
           -0.04130881,
           -0.06338636,
           -0.07282163,
           0.08059535,
           -0.018916866,
           -0.011969172,
           -0.02712419,
           -0.12547883,
           -0.06517002,
           -0.058959387,
           -0.032599546,
           -0.075035766,
           0.0025560039,
           0.010737859,
           0.7991702,
           -0.057461366,
           0.046110548,
           0.053838152,
           0.0086205155,
           0.020793043,
           0.35795173
          ],
          [
           -0.010467863,
           0.0041589197,
           0.1775136,
           -0.06253184,
           -0.10248574,
           -0.079567246,
           -0.084011205,
           0.12206679,
           0.3209559,
           0.08358565,
           0.116957985,
           -0.042435724,
           -0.23853281,
           -0.05626878,
           -0.1900579,
           -0.087861836,
           -0.09680215,
           0.19580965,
           -0.19606054,
           -0.22499542,
